# Blender v2.90.0 OBJ File: ''
# www.blender.org
mtllib pekka sword.mtl
o Cube.001
v 0.294627 -1.153296 0.173931
v 0.177283 -1.153296 -0.292623
v -0.294628 -1.153296 -0.173931
v -0.177283 -1.153296 0.292623
v -0.177283 -3.153296 0.292623
v -0.294627 -3.153296 -0.173931
v 0.177283 -3.153296 -0.292623
v 0.294628 -3.153296 0.173931
vt 0.625000 0.500000
vt 0.875000 0.500000
vt 0.875000 0.750000
vt 0.625000 0.750000
vt 0.375000 0.750000
vt 0.625000 1.000000
vt 0.375000 1.000000
vt 0.375000 0.000000
vt 0.625000 0.000000
vt 0.625000 0.250000
vt 0.375000 0.250000
vt 0.125000 0.500000
vt 0.375000 0.500000
vt 0.125000 0.750000
vn 0.0000 1.0000 -0.0000
vn -0.9698 -0.0000 0.2439
vn -0.2439 -0.0000 -0.9698
vn 0.0000 -1.0000 0.0000
vn 0.2439 -0.0000 0.9698
vn 0.9698 0.0000 -0.2439
usemtl Material.001
s 1
f 1/1/1 2/2/1 3/3/1 4/4/1
f 5/5/2 4/4/2 3/6/2 6/7/2
f 6/8/3 3/9/3 2/10/3 7/11/3
f 7/12/4 8/13/4 5/5/4 6/14/4
f 8/13/5 1/1/5 4/4/5 5/5/5
f 7/11/6 2/10/6 1/1/6 8/13/6
o Cube.002
v 0.955738 -0.556323 0.039410
v 0.823370 -0.556323 -0.486879
v -0.955739 -0.556323 -0.039410
v -0.823370 -0.556323 0.486879
v -0.823370 -1.243202 0.486879
v -0.955739 -1.243202 -0.039410
v 0.823370 -1.243202 -0.486879
v 0.955738 -1.243202 0.039410
vt 0.625000 0.500000
vt 0.875000 0.500000
vt 0.875000 0.750000
vt 0.625000 0.750000
vt 0.375000 0.750000
vt 0.625000 1.000000
vt 0.375000 1.000000
vt 0.375000 0.000000
vt 0.625000 0.000000
vt 0.625000 0.250000
vt 0.375000 0.250000
vt 0.125000 0.500000
vt 0.375000 0.500000
vt 0.125000 0.750000
vn -0.0000 1.0000 0.0000
vn -0.9698 -0.0000 0.2439
vn -0.2439 0.0000 -0.9698
vn 0.0000 -1.0000 0.0000
vn 0.2439 0.0000 0.9698
vn 0.9698 -0.0000 -0.2439
usemtl Material.001
s 1
f 9/15/7 10/16/7 11/17/7 12/18/7
f 13/19/8 12/18/8 11/20/8 14/21/8
f 14/22/9 11/23/9 10/24/9 15/25/9
f 15/26/10 16/27/10 13/19/10 14/28/10
f 16/27/11 9/15/11 12/18/11 13/19/11
f 15/25/12 10/24/12 9/15/12 16/27/12
o Cube.003
v 0.550876 4.952982 0.081816
v 0.446619 4.952982 -0.332700
v -0.550878 4.250221 -0.081816
v -0.446622 4.250221 0.332700
v -0.446621 -0.910407 0.332700
v -0.550877 -0.910407 -0.081816
v 0.446620 -0.910407 -0.332700
v 0.550877 -0.910407 0.081816
vt 0.809879 0.495000
vt 0.875000 0.500000
vt 0.875000 0.750000
vt 0.809879 0.745000
vt 0.092621 0.745000
vt 0.809879 0.995000
vt 0.092621 0.995000
vt 0.092621 -0.005000
vt 0.809879 -0.005000
vt 0.809879 0.245000
vt 0.092621 0.245000
vt 0.010000 0.500000
vt 0.092621 0.495000
vt 0.010000 0.750000
vn -0.5471 0.8257 0.1376
vn -0.9698 -0.0000 0.2439
vn -0.2439 -0.0000 -0.9698
vn 0.0000 -1.0000 -0.0000
vn 0.2439 0.0000 0.9698
vn 0.9698 0.0000 -0.2439
usemtl Material.002
s 1
f 17/29/13 18/30/13 19/31/13 20/32/13
f 21/33/14 20/32/14 19/34/14 22/35/14
f 22/36/15 19/37/15 18/38/15 23/39/15
f 23/40/16 24/41/16 21/33/16 22/42/16
f 24/41/17 17/29/17 20/32/17 21/33/17
f 23/39/18 18/38/18 17/29/18 24/41/18
